$ 1 0.000005 10.20027730826997 50 5 43 5e-11
f 64 144 128 144 32 1.5 0.02
f 208 32 256 32 33 1.5 0.02
r 208 -32 208 -128 0 100000
R 256 -128 352 -128 0 0 40 4.2 0 0 0.5
r 320 112 320 176 0 100000
r 320 176 320 240 0 75000
g 320 240 320 272 0 0
368 320 176 384 176 0 0
w 256 80 256 48 0
w 256 16 256 -128 0
w 208 -32 208 32 0
w 128 32 128 128 0
r 64 144 64 240 0 100000
s -80 112 0 112 0 0 false
R -80 112 -128 112 0 0 40 2.8 0 0 0.5
g 64 240 64 272 0 0
w 128 160 128 224 0
g 128 224 128 272 0 0
w 64 112 0 112 0
w 208 32 128 32 0
w 256 80 320 80 0
w 320 80 320 112 0
w 64 112 64 144 0
w 208 -128 256 -128 0
