$ 1 0.000005 10.20027730826997 50 5 43 5e-11
r 384 336 384 272 0 100000
R 560 304 592 304 0 0 40 3.7 0 0 0.5
w 336 240 384 240 0
w 384 240 384 208 0
g 384 336 384 352 0 0
f 384 240 464 240 33 1.5 0.02
r 560 144 560 208 0 200
w 464 256 464 304 0
s 496 304 560 304 0 1 false
w 464 224 464 112 0
w 384 112 464 112 0
w 560 112 560 144 0
34 fwdrop\q0.786 1 3.15e-7 2.8 2.0299999999998932 20 1
d 384 208 384 144 2 fwdrop\q0.786
w 384 240 384 272 0
w 464 112 560 112 0
R 256 240 208 240 0 0 40 5 0 0 0.5
368 464 112 464 64 0 0
368 256 240 256 192 0 0
s 256 240 336 240 0 1 false
w 464 304 496 304 0
g 560 208 560 224 0 0
w 384 112 384 144 0
