$ 1 0.000005 10.20027730826997 50 5 43 5e-11
r -320 -48 -320 -112 0 10000
R -48 16 0 16 0 0 40 2.8 0 0 0.5
R -400 -112 -448 -112 0 0 40 5 0 0 0.4
s -320 96 -320 160 0 0 false
162 -320 -16 -320 32 2 default-led 0 1 0 0.01
g -320 160 -320 192 0 0
s -128 16 -48 16 0 0 false
w -320 32 -320 96 0
w -320 -16 -320 -48 0
r -160 96 -160 160 0 100000
w -160 48 -160 96 0
w -160 16 -128 16 0
f 288 32 352 32 32 1.5 0.02
r -224 -48 -224 -112 0 100000
w -224 32 -224 96 0
w -320 96 -224 96 0
g -160 160 -160 192 0 0
368 -160 96 -96 96 0 0
s -400 -112 -320 -112 0 0 false
f -224 32 -160 32 33 1.5 0.02
368 192 -48 144 -48 0 0
s 112 -112 192 -112 0 0 false
368 352 96 416 96 0 0
g 352 160 352 192 0 0
w 288 96 288 32 0
r 288 -48 288 -112 0 100000
w 352 16 384 16 0
w 352 48 352 96 0
r 352 96 352 160 0 100000
w 192 -16 192 -48 0
w 192 32 192 96 0
s 384 16 464 16 0 0 false
g 192 160 192 192 0 0
162 192 -16 192 32 2 default-led 0 1 0 0.01
s 192 96 192 160 0 1 false
R 112 -112 64 -112 0 0 40 5 0 0 0.4
R 464 16 512 16 0 0 40 2.8 0 0 0.5
r 192 -48 192 -112 0 10000
w 192 -112 288 -112 0
w 288 -48 288 32 0
w -224 -48 -224 32 0
w -320 -112 -224 -112 0
w 192 96 288 96 0
368 -320 -48 -368 -48 0 0
